#HUD Elements Positions
#Sat Nov 29 22:31:29 CST 2025
watermark.x=67.5
arraylist.y=1.0
scoreboard.y=0.0
watermark.y=74.5613415710503
scoreboard.x=0.0
itemscounter.x=25.5
itemscounter.y=104.0829655781112
arraylist.x=960.0
armorrender.x=10.0
targethud.y=243.09973521624008
targethud.x=318.0
armorrender.y=160.0
